2027 

2027 

2019 

2031 

2023 

2027 

2023 

2019 

2031 

2019 

2027 

2023 

2015 

2035 

2031 

2015 

2031 

2023 

2027 

2019 

2019 

2027 

2011 

2023 

2031 

2023 

2035 

2015 

2031 

2015 

2007 

2019 

2031 

2011 

2023 

2015 

2019 

2023 

2007 

2015 

2011 

2023 

2019 

2015 

2019 

2023 

2015 

2031 

2027 

2023 

2027 

2031 

2027 

2011 

2019 

2019 

2023 

2023 

2027 

2027 

2031 

2031 

2027 

2023 

2023 

2031 

2031 

2027 

2031 

2027 

2027 

2027 

2027 

2035 

2027 

2023 

2031 

2023 

2023 

2023 

2023 

2023 

2023 

2039 

2019 

2015 

2027 

2035 

2027 

2015 

2027 

2023 

2019 

2027 

2019 

2027 

2019 

2027 

2019 

2027 

2011 

2015 

2019 

2023 

2019 

2023 

2023 

2027 

2055 

2087 

2183 

2259 

2419 

2591 

2783 

3015 

3283 

3539 

3839 

4119 

4403 

4679 

4955 

5195 

5431 

5651 

5855 

6047 

6235 

6411 

6567 

6735 

6871 

7019 

7171 

7295 

7423 

7559 

7659 

7767 

7843 

7931 

7979 

8027 

8059 

8079 

8083 

8067 

8027 

7983 

7919 

7827 

7743 

7631 

7523 

7415 

7299 

7183 

7075 

6947 

6835 

6719 

6603 

6503 

6403 

6299 

6191 

6103 

6019 

5939 

5875 

5803 

5739 

5691 

5631 

5599 

5551 

5515 

5495 

5467 

5451 

5435 

5435 

5439 

5423 

5435 

5439 

5451 

5471 

5483 

5507 

5543 

5559 

5583 

5599 

5607 

5615 

5615 

5599 

5591 

5595 

5567 

5555 

5543 

5503 

5475 

5447 

5407 

5367 

5323 

5291 

5243 

5203 

5155 

5087 

5031 

4975 

4919 

4859 

4791 

4735 

4659 

4599 

4539 

4491 

4427 

4367 

4307 

4271 

4223 

4179 

4127 

4095 

4055 

4035 

3999 

3979 

3963 

3967 

3963 

3979 

3999 

4019 

4043 

4071 

4111 

4135 

4187 

4207 

4259 

4283 

4315 

4331 

4359 

4395 

4395 

4415 

4423 

4439 

4447 

4463 

4455 

4467 

4463 

4447 

4451 

4455 

4447 

4443 

4423 

4423 

4403 

4391 

4371 

4359 

4327 

4315 

4279 

4255 

4247 

4223 

4211 

4179 

4171 

4147 

4127 

4115 

4095 

4063 

4039 

4019 

3991 

3975 

3935 

3919 

3891 

3875 

3855 

3815 

3791 

3763 

3743 

3703 

3695 

3655 

3619 

3599 

3563 

3543 

3515 

3475 

3455 

3439 

3415 

3407 

3395 

3379 

3359 

3371 

3351 

3359 

3355 

3359 

3351 

3371 

3383 

3383 

3391 

3399 

3407 

3411 

3427 

3443 

3451 

3463 

3499 

3543 

3571 

3607 

3663 

3715 

3779 

3847 

3943 

4019 

4103 

4199 

4299 

4395 

4511 

4619 

4711 

4839 

4923 

5011 

5091 

5175 

5219 

5247 

5283 

5303 

5303 

5319 

5307 

5283 

5251 

5227 

5183 

5143 

5091 

5035 

4995 

4943 

4871 

4807 

4759 

4691 

4627 

4571 

4523 

4471 

4407 

4363 

4295 

4243 

4211 

4151 

4103 

4063 

4027 

3979 

3951 

3911 

3867 

3847 

3803 

3799 

3751 

3743 

3715 

3703 

3695 

3667 

3655 

3643 

3643 

3635 

3643 

3639 

3663 

3667 

3679 

3695 

3707 

3715 

3743 

3751 

3771 

3795 

3815 

3867 

3895 

3927 

3971 

4015 

4055 

4107 

4155 

4211 

4255 

4311 

4379 

4431 

4503 

4535 

4591 

4623 

4683 

4715 

4755 

4767 

4791 

4823 

4851 

4875 

4895 

4919 

4943 

4975 

5011 

5027 

5067 

5111 

5147 

5179 

5195 

5195 

5223 

5227 

5211 

5215 

5191 

5163 

5127 

5099 

5067 

5015 

4975 

4931 

4903 

4843 

4827 

4787 

4767 

4763 

4771 

4767 

4783 

4803 

4811 

4863 

4879 

4899 

4907 

4939 

4927 

4939 

4915 

4915 

4903 

4891 

4867 

4839 

4827 

4783 

4759 

4727 

4691 

4659 

4619 

4595 

4543 

4511 

4483 

4447 

4411 

4391 

4347 

4327 

4303 

4283 

4271 

4263 

4267 

4275 

4287 

4307 

4347 

4399 

4455 

4527 

4603 

4675 

4759 

4855 

4963 

5067 

5163 

5271 

5375 

5491 

5575 

5671 

5759 

5835 

5899 

5947 

5987 

6015 

6035 

6047 

6055 

6063 

6071 

6043 

6035 

6003 

5979 

5931 

5899 

5843 

5787 

5723 

5671 

5619 

5567 

5507 

5459 

5395 

5363 

5319 

5279 

5239 

5207 

5179 

5167 

5135 

5123 

5119 

5115 

5119 

5127 

5147 

5175 

5191 

5239 

5295 

5359 

5415 

5483 

5559 

5639 

5715 

5791 

5871 

5931 

6011 

6067 

6127 

6179 

6211 

6239 

6251 

6251 

6243 

6207 

6175 

6131 

6091 

6031 

5971 

5915 

5863 

5799 

5739 

5671 

5623 

5563 

5487 

5439 

5379 

5327 

5283 

5235 

5175 

5139 

5083 

5023 

4963 

4911 

4839 

4767 

4691 

4631 

4571 

4511 

4447 

4379 

4311 

4267 

4231 

4179 

4127 

4087 

4067 

4023 

3987 

3959 

3915 

3903 

3867 

3831 

3799 

3755 

3727 

3695 

3663 

3627 

3587 

3571 

3551 

3523 

3507 

3487 

3511 

3499 

3523 

3531 

3563 

3587 

3631 

3663 

3703 

3731 

3783 

3811 

3859 

3887 

3927 

3955 

3971 

3995 

4019 

4023 

4043 

4043 

4035 

4051 

4055 

4055 

4051 

4047 

4023 

4027 

4023 

4019 

4007 

3995 

3975 

3967 

3935 

3911 

3883 

3875 

3839 

3803 

3763 

3739 

3715 

3695 

3663 

3635 

3611 

3591 

3571 

3531 

3523 

3499 

3483 

3455 

3443 

3435 

3423 

3419 

3419 

3419 

3443 

3447 

3475 

3507 

3539 

3599 

3647 

3707 

3755 

3811 

3887 

3939 

3983 

4039 

4103 

4147 

4199 

4251 

4283 

4335 

4363 

4415 

4455 

4511 

4563 

4615 

4683 

4747 

4819 

4895 

4967 

5027 

5083 

5135 

5183 

5211 

5227 

5247 

5271 

5259 

5263 

5263 

5259 

5259 

5255 

5255 

5267 

5259 

5267 

5255 

5247 

5243 

5223 

5215 

5203 

5195 

5179 

5159 

5143 

5115 

5079 

5051 

5019 

4983 

4951 

4911 

4879 

4847 

4811 

4767 

4747 

4719 

4695 

4663 

4639 

4591 

4559 

4527 

4471 

4423 

4383 

4339 

4299 

4235 

4183 

4151 

4111 

4067 

4039 

4003 

3975 

3955 

3943 

3927 

3915 

3915 

3907 

3903 

3911 

3919 

3923 

3931 

3947 

3951 

3967 

3999 

4027 

4035 

4063 

4099 

4151 

4187 

4219 

4263 

4303 

4339 

4367 

4391 

4395 

4403 

4391 

4379 

4367 

4339 

4319 

4279 

4243 

4199 

4163 

4135 

4075 

4031 

3991 

3947 

3915 

3895 

3863 

3863 

3867 

3883 

3915 

3955 

4011 

4071 

4131 

4191 

4259 

4323 

4379 

4427 

4483 

4531 

4587 

4655 

4687 

4743 

4795 

4835 

4875 

4915 

4959 

4983 

5031 

5055 

5083 

5103 

5135 

5143 

5159 

5167 

5167 

5163 

5139 

5123 

5087 

5059 

5011 

4967 

4935 

4883 

4819 

4771 

4719 

4655 

4587 

4535 

4467 

4407 

4347 

4299 

4247 

4203 

4167 

4155 

4135 

4127 

4143 

4163 

4199 

4219 

4239 

4279 

4319 

4335 

4375 

4383 

4419 

4443 

4475 

4511 

4511 

4547 

4591 

4627 

4663 

4707 

4719 

4763 

4799 

4839 

4851 

4867 

4895 

4899 

4919 

4907 

4895 

4895 

4867 

4863 

4843 

4807 

4779 

4751 

4723 

4683 

4655 

4639 

4603 

4599 

4579 

4567 

4555 

4551 

4547 

4523 

4527 

4511 

4499 

4495 

4487 

4479 

4479 

4479 

4455 

4463 

4475 

4491 

4503 

4523 

4535 

4559 

4599 

4623 

4663 

4679 

4715 

4731 

4747 

4759 

4759 

4763 

4755 

4763 

4735 

4715 

4695 

4679 

4647 

4599 

4563 

4539 

4487 

4463 

4423 

4395 

4371 

4335 

4319 

4275 

4247 

4203 

4175 

4123 

4095 

4047 

4007 

3991 

3967 

3935 

3911 

3891 

3875 

3859 

3859 

3855 

3863 

3863 

3867 

3875 

3887 

3927 

3919 

3939 

3967 

3983 

4007 

4027 

4051 

4079 

4099 

4127 

4155 

4171 

4183 

4187 

4195 

4191 

4183 

4183 

4167 

4155 

4151 

4147 

4123 

4107 

4083 

4079 

4067 

4059 

4043 

4023 

4023 

3995 

3971 

3951 

3923 

3907 

3887 

3875 

3839 

3835 

3827 

3827 

3811 

3823 

3827 

3831 

3843 

3855 

3875 

3903 

3955 

4003 

4059 

4119 

4211 

4299 

4387 

4479 

4571 

4651 

4731 

4819 

4899 

4943 

4983 

5019 

5031 

5035 

5039 

5051 

5035 

5035 

5015 

5003 

4983 

4975 

4959 

4955 

4927 

4919 

4895 

4855 

4835 

4819 

4795 

4763 

4715 

4691 

4655 

4623 

4583 

4543 

4503 

4467 

4423 

4379 

4351 

4315 

4291 

4255 

4223 

4199 

4183 

4179 

4183 

4171 

4203 

4195 

4215 

4219 

4259 

4259 

4295 

4323 

4343 

4379 

4411 

4443 

4479 

4527 

4559 

4607 

4655 

4699 

4759 

4815 

4891 

4939 

4999 

5051 

5111 

5167 

5195 

5251 

5291 

5303 

5315 

5315 

5311 

5315 

5267 

5231 

5207 

5167 

5119 

5075 

5035 

4987 

4951 

4899 

4863 

4835 

4799 

4783 

4747 

4727 

4719 

4711 

4699 

4691 

4679 

4699 

4707 

4707 

4699 

4703 

4711 

4711 

4715 

4707 

4711 

4715 

4715 

4715 

4743 

4767 

4819 

4867 

4943 

5023 

5087 

5179 

5271 

5355 

5427 

5499 

5547 

5599 

5635 

5659 

5679 

5703 

5703 

5707 

5703 

5707 

5691 

5683 

5663 

5651 

5635 

5619 

5587 

5571 

5527 

5491 

5463 

5415 

5375 

5319 

5295 

5251 

5203 

5163 

5119 

5067 

5011 

4971 

4931 

4859 

4815 

4755 

4707 

4651 

4611 

4563 

4515 

4475 

4423 

4395 

4359 

4327 

4299 

4287 

4263 

4251 

4223 

4215 

4187 

4175 

4155 

4123 

4099 

4079 

4039 

4015 

3995 

3943 

3911 

3871 

3847 

3815 

3779 

3735 

3707 

3679 

3643 

3623 

3591 

3567 

3539 

3515 

3499 

3463 

3455 

3411 

3399 

3379 

3363 

3351 

3331 

3315 

3295 

3267 

3255 

3235 

3211 

3203 

3159 

3135 

3111 

3095 

3071 

3051 

3019 

3007 

2995 

2971 

2971 

2955 

2947 

2927 

2927 

2919 

2903 

2887 

2879 

2855 

2855 

2843 

2831 

2819 

2807 

2827 

2815 

2815 

2815 

2819 

2823 

2851 

2855 

2907 

2923 

2959 

2995 

3043 

3091 

3135 

3203 

3251 

3295 

3339 

3379 

3447 

3499 

3543 

3583 

3651 

3691 

3735 

3751 

3815 

3839 

3875 

3907 

3919 

3935 

3955 

3959 

3943 

3943 

3927 

3935 

3931 

3911 

3875 

3855 

3827 

3803 

3783 

3751 

3739 

3719 

3699 

3679 

3663 

3659 

3651 

3643 

3635 

3623 

3619 

3615 

3623 

3615 

3615 

3615 

3623 

3635 

3643 

3647 

3651 

3683 

3687 

3711 

3711 

3727 

3751 

3767 

3783 

3803 

3811 

3815 

3827 

3831 

3823 

3815 

3799 

3783 

3767 

3759 

3727 

3691 

3667 

3655 

3631 

3603 

3587 

3551 

3547 

3519 

3507 

3483 

3471 

3435 

3423 

3411 

3387 

3355 

3343 

3319 

3315 

3299 

3283 

3259 

3263 

3247 

3239 

3251 

3235 

3251 

3255 

3271 

3287 

3311 

3335 

3355 

3391 

3431 

3475 

3519 

3575 

3619 

3667 

3727 

3779 

3835 

3895 

3947 

4003 

4063 

4111 

4171 

4243 

4307 

4363 

4431 

4483 

4535 

4571 

4607 

4635 

4667 

4675 

4691 

4711 

4707 

4715 

4711 

4711 

4711 

4719 

4727 

4719 

4707 

4719 

4715 

4699 

4683 

4671 

4671 

4639 

4627 

4607 

4599 

4583 

4571 

4547 

4519 

4507 

4471 

4443 

4407 

4383 

4355 

4319 

4287 

4267 

4235 

4207 

4199 

4187 

4167 

4159 

4147 

4151 

4147 

4151 

4155 

4163 

4163 

4183 

4195 

4215 

4243 

4287 

4331 

4387 

4431 

4495 

4539 

4619 

4675 

4731 

4831 

4907 

4987 

5059 

5143 

5207 

5287 

5347 

5403 

5455 

5471 

5503 

5511 

5515 

5491 

5479 

5447 

5423 

5379 

5335 

5299 

5295 

5251 

5219 

5195 

5171 

5139 

5115 

5087 

5063 

5027 

5003 

4959 

4927 

4915 

4891 

4875 

4875 

4855 

4871 

4863 

4863 

4863 

4855 

4847 

4843 

4815 

4795 

4767 

4743 

4711 

4695 

4671 

4659 

4627 

4627 

4599 

4595 

4587 

4599 

4607 

4607 

4623 

4643 

4675 

4703 

4735 

4787 

4831 

4863 

4931 

4983 

5035 

5103 

5159 

5207 

5267 

5299 

5375 

5435 

5499 

5559 

5635 

5739 

5819 

5903 

6011 

6115 

6227 

6327 

6439 

6503 

6599 

6675 

6735 

6791 

6831 

6831 

6843 

6851 

6827 

6799 

6771 

6727 

6667 

6623 

6563 

6503 

6419 

6351 

6271 

6195 

6119 

6031 

5939 

5863 

5771 

5687 

5615 

5535 

5447 

5367 

5287 

5223 

5139 

5055 

4983 

4907 

4851 

4787 

4719 

4651 

4603 

4539 

4479 

4423 

4363 

4315 

4267 

4227 

4187 

4159 

4103 

4075 

4035 

4007 

3971 

3939 

3899 

3867 

3835 

3791 

3747 

3719 

3691 

3643 

3615 

3579 

3547 

3519 

3487 

3451 

3431 

3415 

3383 

3363 

3335 

3303 

3295 

3267 

3235 

3227 

3195 

3163 

3155 

3151 

3135 

3123 

3127 

3119 

3119 

3123 

3111 

3107 

3107 

3103 

3099 

3095 

3095 

3099 

3087 

3091 

3079 

3079 

3091 

3079 

3083 

3063 

3075 

3063 

3059 

3055 

3051 

3055 

3055 

3055 

3067 

3087 

3091 

3099 

3119 

3127 

3139 

3147 

3147 

3155 

3163 

3163 

3171 

3151 

3151 

3163 

3171 

3179 

3179 

3223 

3235 

3287 

3303 

3351 

3391 

3427 

3479 

3527 

3571 

3603 

3647 

3691 

3723 

3771 

3803 

3843 

3875 

3895 

3923 

3955 

3987 

4011 

4039 

4087 

4147 

4223 

4283 

4371 

4471 

4583 

4695 

4827 

4947 

5087 

5231 

5371 

5527 

5679 

5823 

5975 

6107 

6227 

6335 

6427 

6527 

6611 

6647 

6699 

6727 

6731 

6731 

6731 

6703 

6667 

6607 

6563 

6503 

6439 

6355 

6287 

6199 

6135 

6043 

5955 

5887 

5791 

5715 

5651 

5555 

5495 

5419 

5327 

5271 

5187 

5131 

5063 

5023 

4967 

4927 

4887 

4855 

4815 

4799 

4763 

4759 

4735 

4751 

4751 

4751 

4747 

4751 

4755 

4771 

4787 

4795 

4791 

4807 

4827 

4827 

4847 

4847 

4827 

4831 

4811 

4811 

4811 

4799 

4787 

4795 

4787 

4787 

4807 

4803 

4827 

4855 

4847 

4883 

4887 

4895 

4907 

4907 

4891 

4911 

4887 

4875 

4863 

4839 

4815 

4779 

4735 

4707 

4659 

4611 

4567 

4523 

4471 

4415 

4375 

4327 

4287 

4247 

4211 

4179 

4147 

4123 

4099 

4087 

4067 

4051 

4019 

4003 

3979 

3963 

3951 

3935 

3927 

3923 

3899 

3875 

3871 

3851 

3831 

3811 

3791 

3763 

3739 

3727 

3711 

3695 

3675 

3667 

3675 

3671 

3675 

3679 

3695 

3719 

3751 

3791 

3823 

3875 

3911 

3963 

4007 

4059 

4115 

4147 

4207 

4247 

4291 

4327 

4351 

4395 

4431 

4467 

4507 

4547 

4599 

4627 

4659 

4703 

4731 

4755 

4795 

4835 

4867 

4895 

4919 

4959 

4979 

5007 

5027 

5063 

5091 

5103 

5127 

5143 

5179 

5183 

5219 

5231 

5247 

5267 

5275 

5287 

5311 

5315 

5331 

5355 

5363 

5371 

5383 

5387 

5383 

5399 

5391 

5403 

5391 

5375 

5383 

5343 

5331 

5303 

5287 

5263 

5231 

5191 

5171 

5127 

5107 

5071 

5051 

5023 

5003 

4967 

4955 

4935 

4919 

4895 

4871 

4859 

4851 

4847 

4831 

4811 

4799 

4795 

4783 

4779 

4787 

4783 

4803 

4831 

4859 

4883 

4919 

4947 

4987 

5011 

5043 

5071 

5091 

5099 

5123 

5143 

5151 

5159 

5171 

5187 

5231 

5251 

5279 

5323 

5371 

5423 

5475 

5519 

5563 

5603 

5659 

5695 

5747 

5779 

5823 

5867 

5895 

5907 

5943 

5959 

5967 

5987 

5995 

6011 

6015 

6011 

6023 

6027 

6011 

6019 

5995 

5991 

5975 

5939 

5903 

5879 

5815 

5763 

5707 

5639 

5591 

5535 

5475 

5419 

5355 

5303 

5255 

5203 

5167 

5115 

5067 

5031 

5003 

4971 

4915 

4883 

4847 

4799 

4755 

4711 

4675 

4627 

4599 

4567 

4539 

4511 

4491 

4479 

4475 

4471 

4455 

4463 

4443 

4463 

4443 

4439 

4431 

4423 

4399 

4407 

4387 

4379 

4367 

4371 

4383 

4395 

4419 

4439 

4479 

4515 

4575 

4623 

4707 

4767 

4831 

4907 

4983 

5051 

5099 

5159 

5211 

5235 

5263 

5303 

5315 

5327 

5327 

5335 

5335 

5331 

5331 

5319 

5307 

5291 

5271 

5247 

5231 

5183 

5151 

5111 

5063 

5023 

4971 

4911 

4871 

4835 

4815 

4795 

4787 

4779 

4787 

4807 

4839 

4851 

4887 

4899 

4923 

4927 

4943 

4951 

4943 

4939 

4947 

4943 

4951 

4963 

4991 

5011 

5055 

5111 

5183 

5255 

5319 

5407 

5487 

5555 

5639 

5699 

5779 

5819 

5863 

5859 

5887 

5887 

5891 

5875 

5855 

5827 

5815 

5755 

5723 

5699 

5639 

5595 

5559 

5507 

5447 

5391 

5327 

5267 

5203 

5131 

5087 

5003 

4943 

4875 

4831 

4759 

4711 

4671 

4619 

4579 

4539 

4511 

4491 

4451 

4439 

4419 

4411 

4387 

4379 

4379 

4359 

4331 

4323 

4311 

4287 

4275 

4259 

4231 

4203 

4191 

4159 

4135 

4115 

4095 

4079 

4063 

4039 

4035 

4031 

4035 

4027 

4027 

4019 

4031 

4043 

4059 

4055 

4075 

4087 

4087 

4095 

4095 

4099 

4119 

4123 

4147 

4167 

4183 

4195 

4195 

4203 

4207 

4215 

4207 

4215 

4199 

4199 

4183 

4183 

4163 

4159 

4135 

4131 

4127 

4107 

4099 

4091 

4067 

4047 

4039 

4023 

4007 

3995 

3971 

3943 

3919 

3895 

3867 

3827 

3795 

3759 

3723 

3695 

3655 

3627 

3599 

3551 

3519 

3495 

3471 

3447 

3431 

3411 

3391 

3371 

3367 

3339 

3323 

3303 

3299 

3283 

3279 

3267 

3255 

3255 

3247 

3259 

3251 

3255 

3251 

3259 

3263 

3275 

3259 

3279 

3271 

3291 

3299 

3319 

3319 

3343 

3355 

3387 

3399 

3415 

3415 

3443 

3443 

3451 

3479 

3511 

3527 

3555 

3579 

3611 

3663 

3691 

3731 

3787 

3815 

3859 

3915 

3943 

3995 

4043 

4079 

4115 

4167 

4219 

4259 

4295 

4343 

4371 

4391 

4407 

4423 

4435 

4427 

4439 

4407 

4391 

4359 

4343 

4307 

4271 

4259 

4207 

4171 

4127 

4099 

4055 

4023 

3971 

3939 

3907 

3871 

3835 

3811 

3775 

3767 

3751 

3735 

3739 

3735 

3735 

3727 

3735 

3731 

3751 

3759 

3783 

3803 

3807 

3823 

3823 

3831 

3823 

3839 

3815 

3799 

3803 

3803 

3795 

3803 

3815 

3835 

3871 

3883 

3899 

3935 

3955 

3963 

3971 

3983 

3979 

3975 

3963 

3967 

3963 

3967 

3967 

3979 

3991 

4011 

4059 

4087 

4127 

4167 

4207 

4255 

4279 

4311 

4335 

4347 

4363 

4379 

4371 

4375 

4363 

4355 

4335 

4315 

4283 

4263 

4235 

4211 

4179 

4143 

4103 

4067 

4035 

3991 

3963 

3923 

3895 

3855 

3815 

3807 

3783 

3787 

3783 

3791 

3799 

3815 

3835 

3863 

3899 

3923 

3939 

3983 

4011 

4031 

4063 

4083 

4091 

4107 

4135 

4143 

4143 

4135 

4143 

4131 

4143 

4135 

4119 

4123 

4119 

4127 

4143 

4135 

4151 

4167 

4175 

4191 

4191 

4203 

4211 

4203 

4199 

4199 

4191 

4187 

4187 

4175 

4187 

4191 

4187 

4179 

4191 

4171 

4171 

4163 

4135 

4143 

4127 

4123 

4107 

4107 

4103 

4083 

4051 

4031 

4007 

3979 

3947 

3915 

3887 

3863 

3839 

3831 

3799 

3779 

3767 

3771 

3763 

3771 

3799 

3835 

3887 

3959 

4019 

4115 

4203 

4315 

4463 

4591 

4747 

4919 

5111 

5299 

5503 

5699 

5935 

6151 

6383 

6619 

6859 

7103 

7331 

7571 

7791 

8015 

8203 

8411 

8575 

8739 

8867 

9003 

9103 

9179 

9259 

9291 

9319 

9311 

9295 

9263 

9219 

9151 

9079 

8995 

8895 

8807 

8723 

8627 

8519 

8447 

8355 

8283 

8195 

8131 

8047 

7963 

7879 

7791 

7719 

7607 

7507 

7415 

7327 

7231 

7115 

7015 

6931 

6823 

6735 

6631 

6535 

6447 

6351 

6255 

6175 

6091 

6003 

5919 

5843 

5783 

5699 

5603 

5535 

5467 

5387 

5323 

5259 

5183 

5115 

5055 

4999 

4923 

4875 

4811 

4759 

4687 

4647 

4591 

4523 

4471 

4399 

4355 

4303 

4247 

4203 

4175 

4151 

4119 

4115 

4115 

4131 

4163 

4199 

4247 

4291 

4359 

4443 

4515 

4571 

4623 

4687 

4735 

4783 

4811 

4851 

4871 

4895 

4911 

4915 

4951 

4995 

5047 

5103 

5175 

5255 

5351 

5459 

5567 

5663 

5775 

5887 

5983 

6075 

6155 

6223 

6283 

6343 

6391 

6443 

6455 

6471 

6487 

6495 

6479 

6483 

6455 

6439 

6403 

6387 

6335 

6295 

6259 

6211 

6171 

6119 

6075 

6019 

5967 

5915 

5871 

5799 

5759 

5711 

5651 

5599 

5543 

5479 

5423 

5347 

5291 

5235 

5179 

5123 

5051 

5003 

4959 

4895 

4851 

4787 

4735 

4687 

4651 

4611 

4571 

4531 

4511 

4471 

4455 

4439 

4399 

4387 

4363 

4331 

4303 

4271 

4243 

4211 

4187 

4167 

4147 

4123 

4103 

4099 

4083 

4071 

4071 

4063 

4063 

4063 

4079 

4071 

4079 

4091 

4107 

4143 

4159 

4175 

4207 

4243 

4263 

4287 

4303 

4327 

4347 

4351 

4363 

4375 

4395 

4399 

4411 

4407 

4407 

4419 

4407 

4419 

4419 

4415 

4415 

4411 

4419 

4391 

4403 

4391 

4391 

4403 

4395 

4391 

4387 

4371 

4363 

4359 

4351 

4335 

4311 

4291 

4283 

4251 

4227 

4187 

4155 

4123 

4071 

4039 

4003 

3963 

3931 

3887 

3859 

3803 

3755 

3731 

3695 

3659 

3631 

3603 

3559 

3539 

3531 

3511 

3479 

3471 

3447 

3423 

3407 

3391 

3367 

3351 

3315 

3299 

3271 

3247 

3231 

3215 

3203 

3203 

3187 

3171 

3155 

3151 

3139 

3135 

3127 

3119 

3111 

3119 

3123 

3131 

3151 

3143 

3159 

3163 

3203 

3191 

3211 

3211 

3215 

3235 

3235 

3247 

3255 

3263 

3275 

3271 

3291 

3271 

3287 

3291 

3283 

3283 

3283 

3279 

3267 

3275 

3255 

3263 

3267 

3287 

3295 

3315 

3355 

3395 

3435 

3479 

3539 

3587 

3647 

3687 

3743 

3775 

3779 

3823 

3839 

3855 

3875 

3899 

3907 

3943 

3967 

4003 

4035 

4071 

4091 

4111 

4127 

4147 

4159 

4155 

4155 

4167 

4159 

4179 

4191 

4203 

4227 

4255 

4295 

4347 

4395 

4455 

4523 

4583 

4643 

4703 

4779 

4831 

4895 

4923 

4971 

4999 

5011 

5015 

5007 

4991 

4967 

4943 

4899 

4867 

4827 

4759 

4715 

4659 

4615 

4567 

4527 

4471 

4427 

4363 

4319 

4279 

4251 

4215 

4191 

4175 

4159 

4119 

4099 

4067 

4059 

4023 

4011 

3987 

3963 

3947 

3919 

3923 

3915 

3907 

3883 

3879 

3875 

3859 

3863 

3843 

3855 

3867 

3871 

3899 

3923 

3951 

3971 

3995 

4015 

4035 

4051 

4051 

4039 

4035 

4027 

4007 

3983 

3955 

3951 

3927 

3903 

3871 

3855 

3843 

3839 

3831 

3807 

3787 

3783 

3779 

3775 

3759 

3755 

3743 

3739 

3735 

3731 

3735 

3731 

3751 

3755 

3771 

3791 

3803 

3803 

3815 

3831 

3835 

3855 

3855 

3863 

3895 

3899 

3903 

3915 

3931 

3947 

3959 

3967 

3983 

4003 

4015 

4039 

4063 

4087 

4123 

4151 

4175 

4203 

4239 

4263 

4287 

4315 

4339 

4343 

4355 

4355 

4367 

4355 

4347 

4339 

4335 

4335 

4311 

4307 

4287 

4279 

4275 

4267 

4255 

4243 

4235 

4215 

4203 

4179 

4163 

4131 

4119 

4079 

4063 

4043 

4027 

4007 

3999 

3983 

3975 

3983 

3971 

3963 

3963 

3963 

3967 

3983 

3967 

3979 

3995 

4003 

4019 

4047 

4079 

4115 

4131 

4167 

4195 

4219 

4247 

4263 

4287 

4303 

4323 

4319 

4331 

4335 

4331 

4335 

4323 

4315 

4299 

4299 

4271 

4235 

4219 

4191 

4167 

4123 

4091 

4071 

4031 

3995 

3951 

3907 

3867 

3831 

3775 

3735 

3691 

3655 

3623 

3579 

3555 

3511 

3483 

3459 

3435 

3431 

3415 

3411 

3395 

3399 

3427 

3455 

3475 

3483 

3527 

3543 

3571 

3599 

3615 

3635 

3667 

3691 

3719 

3751 

3795 

3823 

3879 

3927 

3975 

4019 

4075 

4127 

4167 

4223 

4267 

4315 

4347 

4379 

4395 

4423 

4419 

4407 

4419 

4407 

4419 

4399 

4387 

4363 

4351 

4315 

4303 

4263 

4247 

4235 

4211 

4179 

4155 

4135 

4119 

4099 

4075 

4063 

4059 

4039 

4043 

4051 

4043 

4071 

4071 

4099 

4115 

4155 

4195 

4251 

4307 

4359 

4407 

4463 

4511 

4547 

4591 

4623 

4647 

4667 

4683 

4699 

4687 

4675 

4671 

4647 

4631 

4611 

4595 

4555 

4543 

4515 

4467 

4463 

4447 

4427 

4411 

4387 

4379 

4359 

4343 

4319 

4303 

4295 

4279 

4263 

4239 

4207 

4191 

4163 

4143 

4107 

4067 

4055 

4027 

4011 

3999 

3979 

3975 

3975 

3991 

3991 

4011 

4031 

4047 

4067 

4087 

4087 

4099 

4095 

4099 

4083 

4071 

4055 

4031 

4019 

3979 

3975 

3931 

3911 

3867 

3831 

3803 

3755 

3723 

3687 

3663 

3631 

3599 

3579 

3547 

3539 

3523 

3515 

3507 

3499 

3511 

3515 

3511 

3523 

3527 

3543 

3555 

3571 

3567 

3567 

3567 

3563 

3563 

3555 

3551 

3527 

3519 

3515 

3511 

3507 

3499 

3479 

3479 

3455 

3443 

3427 

3427 

3407 

3387 

3375 

3355 

3327 

3319 

3307 

3287 

3259 

3263 

3235 

3219 

3215 

3195 

3199 

3219 

3215 

3243 

3251 

3283 

3315 

3347 

3383 

3431 

3463 

3499 

3531 

3555 

3583 

3607 

3615 

3631 

3647 

3659 

3675 

3691 

3695 

3703 

3719 

3731 

3739 

3755 

3767 

3779 

3791 

3811 

3823 

3831 

3839 

3847 

3855 

3843 

3839 

3839 

3823 

3803 

3779 

3763 

3735 

3711 

3691 

3667 

3643 

3627 

3603 

3563 

3547 

3527 

3495 

3471 

3435 

3415 

3387 

3367 

3347 

3331 

3299 

3275 

3259 

3223 

3203 

3199 

3187 

3167 

3151 

3151 

3163 

3175 

3199 

3211 

3243 

3271 

3311 

3367 

3423 

3483 

3563 

3651 

3727 

3831 

3927 

4031 

4115 

4231 

4331 

4419 

4511 

4599 

4663 

4735 

4803 

4875 

4919 

4979 

5019 

5047 

5079 

5107 

5131 

5131 

5127 

5131 

5111 

5091 

5055 

5027 

4975 

4927 

4891 

4831 

4771 

4715 

4655 

4599 

4543 

4471 

4403 

4355 

4283 

4231 

4171 

4119 

4055 

3999 

3943 

3895 

3827 

3775 

3727 

3687 

3639 

3595 

3555 

3527 

3483 

3451 

3435 

3407 

3399 

3391 

3375 

3363 

3359 

3359 

3355 

3359 

3347 

3335 

3323 

3319 

3311 

3299 

3295 

3275 

3279 

3275 

3283 

3283 

3303 

3327 

3351 

3355 

3391 

3403 

3423 

3439 

3471 

3487 

3479 

3491 

3519 

3527 

3523 

3543 

3551 

3551 

3567 

3563 

3563 

3559 

3563 

3559 

3559 

3559 

3539 

3519 

3507 

3507 

3479 

3443 

3439 

3423 

3411 

3407 

3395 

3399 

3403 

3415 

3435 

3459 

3479 

3515 

3539 

3575 

3615 

3647 

3683 

3727 

3767 

3799 

3843 

3875 

3903 

3935 

3967 

3995 

4019 

4039 

4055 

4079 

4123 

4155 

4187 

4207 

4247 

4283 

4331 

4355 

4391 

4415 

4447 

4455 

4467 

4455 

4455 

4447 

4427 

4403 

4363 

4347 

4327 

4291 

4263 

4239 

4207 

4167 

4135 

4103 

4071 

4027 

4003 

3967 

3931 

3903 

3871 

3871 

3839 

3831 

3811 

3815 

3823 

3815 

3823 

3839 

3847 

3863 

3867 

3887 

3883 

3903 

3899 

3895 

3891 

3887 

3871 

3859 

3847 

3843 

3835 

3815 

3823 

3807 

3811 

3807 

3811 

3811 

3827 

3855 

3859 

3863 

3859 

3879 

3875 

3879 

3871 

3871 

3855 

3827 

3807 

3795 

3763 

3735 

3731 

3703 

3675 

3663 

3639 

3635 

3619 

3619 

3611 

3603 

3599 

3607 

3611 

3587 

3591 

3579 

3559 

3535 

3531 

3511 

3499 

3471 

3435 

3431 

3427 

3395 

3371 

3379 

3347 

3335 

3323 

3331 

3319 

3331 

3339 

3347 

3355 

3375 

3399 

3415 

3435 

3459 

3471 

3495 

3515 

3523 

3531 

3547 

3559 

3567 

3579 

3603 

3619 

3643 

3659 

3687 

3703 

3711 

3747 

3759 

3779 

3811 

3843 

3863 

3899 

3939 

3971 

4003 

4031 

4055 

4071 

4091 

4103 

4119 

4135 

4147 

4171 

4179 

4191 

4215 

4215 

4227 

4227 

4235 

4243 

4239 

4227 

4223 

4219 

4219 

4207 

4195 

4191 

4179 

4167 

4151 

4147 

4127 

4107 

4099 

4083 

4067 

4067 

4055 

4035 

4043 

4039 

4043 

4059 

4063 

4067 

4083 

4111 

4103 

4107 

4111 

4111 

4099 

4091 

4067 

4051 

4027 

4003 

3967 

3955 

3911 

3895 

3871 

3851 

3843 

3831 

3811 

3783 

3783 

3763 

3751 

3743 

3767 

3783 

3811 

3831 

3891 

3935 

3979 

4023 

4043 

4083 

4107 

4131 

4163 

4167 

4163 

4167 

4171 

4167 

4163 

4159 

4151 

4147 

4135 

4143 

4127 

4135 

4135 

4147 

4147 

4155 

4167 

4203 

4199 

4215 

4215 

4215 

4223 

4207 

4199 

4187 

4171 

4151 

4127 

4111 

4091 

4079 

4075 

4059 

4055 

4043 

4039 

4051 

4035 

4047 

4031 

4039 

4035 

4023 

4007 

3991 

3971 

3963 

3939 

3939 

3911 

3887 

3887 

3863 

3839 

3839 

3815 

3783 

3763 

3739 

3703 

3683 

3655 

3627 

3615 

3607 

3607 

3603 

3611 

3615 

3647 

3647 

3675 

3687 

3699 

3723 

3727 

3747 

3775 

3779 

3803 

3815 

3839 

3867 

3895 

3919 

3951 

3983 

4027 

4055 

4095 

4119 

4147 

4187 

4199 

4231 

4243 

4271 

4299 

4319 

4347 

4359 

4407 

4423 

4447 

4471 

4507 

4507 

4511 

4511 

4519 

4511 

4487 

4491 

4487 

4471 

4471 

4451 

4467 

4483 

4483 

4483 

4491 

4491 

4499 

4507 

4511 

4503 

4523 

4519 

4515 

4523 

4531 

4527 

4543 

4539 

4547 

4543 

4551 

4539 

4527 

4531 

4519 

4507 

4499 

4487 

4471 

4467 

4435 

4443 

4411 

4399 

4395 

4375 

4355 

4331 

4315 

4283 

4263 

4235 

4211 

4179 

4155 

4119 

4099 

4083 

4083 

4043 

4035 

4019 

4007 

3991 

3967 

3951 

3923 

3899 

3871 

3835 

3811 

3779 

3755 

3723 

3699 

3683 

3659 

3647 

3655 

3655 

3651 

3671 

3675 

3695 

3711 

3731 

3755 

3787 

3787 

3807 

3835 

3843 

3875 

3891 

3919 

3955 

3983 

4031 

4083 

4135 

4195 

4239 

4319 

4371 

4443 

4511 

4559 

4619 

4683 

4739 

4791 

4843 

4883 

4903 

4935 

4975 

5003 

5015 

5035 

5047 

5067 

5071 

5079 

5099 

5107 

5111 

5119 

5119 

5131 

5123 

5111 

5103 

5079 

5071 

5051 

5023 

5007 

4967 

4935 

4895 

4855 

4811 

4767 

4723 

4691 

4655 

4615 

4587 

4551 

4519 

4471 

4435 

4395 

4355 

4319 

4267 

4223 

4179 

4131 

4111 

4059 

4015 

3975 

3943 

3919 

3863 

3823 

3767 

3751 

3715 

3675 

3647 

3619 

3587 

3567 

3531 

3531 

3499 

3471 

3443 

3431 

3407 

3399 

3371 

3355 

3347 

3347 

3327 

3343 

3351 

3379 

3399 

3447 

3491 

3551 

3615 

3691 

3771 

3867 

3967 

4059 

4159 

4263 

4383 

4503 

4623 

4767 

4895 

5043 

5203 

5355 

5523 

5691 

5863 

6027 

6179 

6303 

6451 

6543 

6619 

6679 

6719 

6743 

6747 

6727 

6699 

6639 

6607 

6527 

6463 

6379 

6311 

6219 

6135 

6039 

5947 

5851 

5763 

5671 

5563 

5491 

5391 

5299 

5207 

5131 

5051 

4975 

4907 

4835 

4767 

4723 

4659 

4607 

4563 

4551 

4519 

4511 

4475 

4435 

4415 

4383 

4363 

4327 

4307 

4271 

4251 

4215 

4183 

4151 

4119 

4087 

4067 

4047 

4007 

3999 

3959 

3951 

3915 

3907 

3871 

3847 

3839 

3807 

3791 

3783 

3771 

3759 

3767 

3767 

3747 

3743 

3739 

3739 

3731 

3715 

3707 

3711 

3679 

3695 

3695 

3691 

3707 

3719 

3731 

3751 

3763 

3775 

3795 

3795 

3815 

3807 

3831 

3831 

3831 

3843 

3843 

3855 

3855 

3863 

3847 

3859 

3843 

3839 

3827 

3803 

3787 

3763 

3763 

3739 

3727 

3695 

3687 

3659 

3627 

3611 

3579 

3551 

3523 

3491 

3451 

3415 

3387 

3359 

3319 

3283 

3243 

3223 

3191 

3171 

3139 

3099 

3083 

3059 

3031 

3007 

2991 

2967 

2955 

2939 

2927 

2899 

2887 

2883 

2863 

2859 

2851 

2847 

2831 

2815 

2811 

2807 

2811 

2795 

2795 

2795 

2795 

2799 

2783 

2791 

2763 

2771 

2759 

2759 

2743 

2735 

2735 

2723 

2719 

2715 

2707 

2703 

2691 

2699 

2691 

2695 

2691 

2699 

2711 

2707 

2707 

2719 

2719 

2715 

2711 

2707 

2711 

2715 

2715 

2727 

2743 

2751 

2767 

2775 

2799 

2811 

2839 

2871 

2883 

2899 

2931 

2971 

3011 

3035 

3079 

3135 

3187 

3263 

3335 

3407 

3475 

3559 

3643 

3715 

3799 

3887 

3971 

4055 

4115 

4179 

4227 

4263 

4291 

4327 

4339 

4363 

4383 

4399 

4423 

4427 

4443 

4467 

4475 

4491 

4487 

4495 

4503 

4483 

4479 

4463 

4451 

4427 

4415 

4411 

4391 

4371 

4351 

4347 

4327 

4307 

4319 

4307 

4311 

4295 

4303 

4291 

4307 

4303 

4311 

4315 

4339 

4339 

4347 

4347 

4359 

4359 

4347 

4343 

4331 

4311 

4311 

4275 

4259 

4231 

4207 

4195 

4151 

4127 

4079 

4055 

4031 

3987 

3935 

3907 

3871 

3823 

3767 

3735 

3691 

3647 

3611 

3587 

3575 

3559 

3539 

3535 

3539 

3547 

3559 

3579 

3591 

3627 

3643 

3675 

3703 

3739 

3751 

3779 

3807 

3835 

3843 

3879 

3883 

3879 

3899 

3903 

3923 

3919 

3927 

3935 

3931 

3947 

3947 

3955 

3947 

3951 

3955 

3947 

3943 

3923 

3915 

3891 

3867 

3835 

3807 

3787 

3755 

3735 

3723 

3699 

3703 

3683 

3687 

3707 

3727 

3735 

3755 

3783 

3815 

3827 

3867 

3891 

3899 

3931 

3963 

3987 

4015 

4035 

4047 

4067 

4075 

4091 

4107 

4107 

4107 

4099 

4091 

4079 

4055 

4039 

4019 

4003 

3979 

3967 

3959 

3967 

3967 

3979 

4003 

4035 

4071 

4091 

4127 

4159 

4187 

4227 

4259 

4275 

4319 

4335 

4367 

4395 

4403 

4423 

4443 

4443 

4455 

4455 

4455 

4451 

4443 

4415 

4395 

4379 

4331 

4319 

4291 

4271 

4255 

4243 

4223 

4211 

4191 

4191 

4195 

4199 

4203 

4211 

4223 

4223 

4243 

4251 

4255 

4259 

4267 

4267 

4267 

4271 

4271 

4251 

4247 

4219 

4203 

4183 

4151 

4123 

4091 

4079 

4059 

4043 

4035 

4031 

4023 

4019 

4011 

4019 

4023 

4019 

4019 

4023 

4023 

4015 

4019 

4035 

4019 

3995 

3995 

3983 

3967 

3951 

3935 

3923 

3915 

3911 

3899 

3911 

3919 

3939 

3955 

3959 

3987 

4007 

4019 

4023 

4035 

4031 

4019 

4019 

4003 

3991 

3983 

3971 

3963 

3955 

3939 

3923 

3915 

3903 

3895 

3891 

3863 

3855 

3839 

3823 

3807 

3803 

3783 

3763 

3739 

3727 

3707 

3687 

3675 

3671 

3647 

3635 

3619 

3615 

3591 

3575 

3559 

3547 

3543 

3527 

3523 

3523 

3523 

3523 

3551 

3563 

3583 

3607 

3627 

3667 

3687 

3707 

3751 

3775 

3787 

3799 

3811 

3835 

3839 

3855 

3863 

3879 

3875 

3883 

3899 

3911 

3915 

3935 

3947 

3967 

3995 

4019 

4051 

4091 

4131 

4183 

4223 

4263 

4315 

4375 

4399 

4447 

4475 

4503 

4515 

4531 

4551 

4555 

4551 

4555 

4555 

4563 

4555 

4567 

4563 

4571 

4563 

4563 

4563 

4575 

4567 

4575 

4591 

4603 

4623 

4643 

4655 

4687 

4703 

4735 

4755 

4795 

4847 

4887 

4947 

4991 

5059 

5103 

5151 

5203 

5275 

5299 

5327 

5363 

5391 

5399 

5403 

5399 

5379 

5371 

5339 

5291 

5263 

5211 

5163 

5111 

5055 

4995 

4951 

4875 

4827 

4767 

4711 

4671 

4619 

4567 

4531 

4487 

4455 

4423 

4391 

4363 

4339 

4315 

4287 

4251 

4247 

4219 

4203 

4183 

4167 

4151 

4127 

4123 

4115 

4103 

4099 

4103 

4107 

4115 

4131 

4147 

4167 

4191 

4211 

4239 

4263 

4295 

4319 

4355 

4391 

4431 

4479 

4519 

4559 

4599 

4635 

4679 

4723 

4767 

4795 

4843 

4879 

4911 

4947 

4971 

5003 

5027 

5063 

5091 

5119 

5127 

5155 

5159 

5171 

5187 

5203 

5215 

5211 

5231 

5243 

5255 

5259 

5271 

5267 

5267 

5255 

5251 

5211 

5191 

5155 

5127 

5099 

5047 

5011 

4975 

4931 

4915 

4867 

4855 

4811 

4799 

4783 

4771 

4759 

4743 

4735 

4715 

4707 

4703 

4695 

4671 

4659 

4639 

4607 

4587 

4559 

4539 

4511 

4475 

4451 

4419 

4391 

4379 

4339 

4315 

4279 

4251 

4215 

4183 

4131 

4115 

4063 

4035 

3987 

3951 

3919 

3871 

3839 

3799 

3759 

3727 

3683 

3635 

3607 

3587 

3547 

3527 

3511 

3483 

3479 

3463 

3455 

3455 

3467 

3487 

3507 

3539 

3563 

3615 

3667 

3727 

3767 

3835 

3899 

3955 

3991 

4055 

4079 

4107 

4143 

4151 

4159 

4163 

4175 

4187 

4167 

4171 

4171 

4175 

4179 

4179 

4187 

4199 

4199 

4219 

4235 

4231 

4231 

4235 

4231 

4219 

4191 

4191 

4167 

4151 

4115 

4091 

4075 

4043 

4019 

3995 

3971 

3955 

3919 

3899 

3875 

3847 

3823 

3795 

3759 

3731 

3703 

3667 

3635 

3603 

3571 

3543 

3515 

3471 

3447 

3439 

3407 

3387 

3371 

3339 

3315 

3303 

3291 

3287 

3263 

3247 

3231 

3215 

3203 

3179 

3171 

3147 

3139 

3127 

3123 

3119 

3115 

3095 

3115 

3119 

3143 

3159 

3163 

3203 

3219 

3231 

3247 

3283 

3295 

3323 

3335 

3359 

3367 

3387 

3415 

3427 

3455 

3471 

3507 

3527 

3551 

3575 

3591 

3623 

3627 

3655 

3675 

3691 

3727 

3751 

3759 

3795 

3803 

3827 

3851 

3851 

3863 

3871 

3879 

3871 

3875 

3879 

3895 

3903 

3895 

3891 

3915 

3907 

3911 

3895 

3887 

3859 

3843 

3827 

3799 

3795 

3791 

3779 

3775 

3799 

3803 

3855 

3899 

3963 

4031 

4111 

4215 

4307 

4399 

4507 

4599 

4687 

4763 

4847 

4907 

4971 

5027 

5071 

5127 

5167 

5211 

5247 

5291 

5331 

5387 

5435 

5483 

5535 

5579 

5631 

5663 

5699 

5739 

5747 

5759 

5779 

5767 

5759 

5763 

5751 

5719 

5691 

5667 

5643 

5599 

5563 

5523 

5467 

5423 

5351 

5315 

5251 

5203 

5163 

5107 

5055 

5007 

4959 

4903 

4859 

4803 

4747 

4703 

4663 

4611 

4571 

4523 

4487 

4447 

4407 

4375 

4335 

4303 

4263 

4223 

4191 

4147 

4099 

4067 

4027 

3999 

3963 

3915 

3887 

3839 

3799 

3767 

3739 

3707 

3679 

3655 

3619 

3603 

3575 

3555 

3519 

3495 

3467 

3447 

3423 

3403 

3371 

3339 

3315 

3303 

3267 

3251 

3243 

3215 

3207 

3199 

3187 

3187 

3175 

3207 

3203 

3203 

3211 

3215 

3227 

3243 

3243 

3255 

3279 

3283 

3287 

3307 

3319 

3351 

3363 

3391 

3399 

3407 

3423 

3447 

3451 

3467 

3459 

3471 

3475 

3467 

3451 

3455 

3451 

3439 

3423 

3419 

3403 

3387 

3363 

3363 

3351 

3343 

3331 

3319 

3323 

3299 

3299 

3299 

3283 

3279 

3279 

3263 

3271 

3251 

3247 

3239 

3247 

3231 

3215 

3223 

3199 

3187 

3179 

3171 

3171 

3167 

3167 

3167 

3151 

3155 

3143 

3131 

3111 

3111 

3099 

3091 

3079 

3071 

3043 

3035 

3023 

3003 

2987 

2987 

2963 

2927 

2919 

2903 

2891 

2875 

2851 

2843 

2815 

2803 

2787 

2767 

2755 

2747 

2731 

2707 

2691 

2687 

2667 

2659 

2647 

2639 

2635 

2631 

2635 

2627 

2639 

2631 

2635 

2635 

2647 

2655 

2655 

2647 

2675 

2663 

2671 

2675 

2679 

2691 

2703 

2711 

2719 

2723 

2727 

2739 

2743 

2747 

2751 

2755 

2747 

2743 

2743 

2739 

2723 

2723 

2723 

2723 

2703 

2707 

2707 

2727 

2747 

2763 

2807 

2835 

2915 

2987 

3079 

3175 

3275 

3395 

3523 

3627 

3735 

3843 

3951 

4027 

4123 

4191 

4291 

4359 

4407 

4467 

4543 

4591 

4611 

4655 

4683 

4699 

4715 

4719 

4719 

4715 

4707 

4691 

4663 

4639 

4599 

4567 

4531 

4491 

4455 

4419 

4403 

4383 

4371 

4363 

4331 

4335 

4339 

4331 

4315 

4319 

4319 

4319 

4315 

4335 

4339 

4343 

4363 

4367 

4387 

4379 

4391 

4419 

4415 

4423 

4431 

4439 

4439 

4467 

4475 

4491 

4487 

4511 

4527 

4543 

4543 

4531 

4515 

4503 

4479 

4447 

4415 

4379 

4339 

4303 

4275 

4247 

4191 

4187 

4159 

4127 

4095 

4075 

4047 

4019 

3995 

3955 

3935 

3907 

3867 

3835 

3815 

3787 

3763 

3739 

3723 

3711 

3687 

3675 

3655 

3655 

3647 

3635 

3635 

3623 

3627 

3627 

3623 

3631 

3651 

3659 

3663 

3691 

3675 

3679 

3679 

3683 

3679 

3667 

3667 

3659 

3655 

3651 

3647 

3643 

3639 

3651 

3643 

3631 

3623 

3619 

3623 

3603 

3595 

3587 

3575 

3551 

3547 

3539 

3519 

3511 

3491 

3475 

3459 

3443 

3427 

3403 

3403 

3399 

3363 

3359 

3327 

3295 

3283 

3267 

3231 

3203 

3175 

3163 

3123 

3095 

3083 

3043 

3027 

3007 

2991 

2967 

2963 

2939 

2927 

2939 

2935 

2943 

2943 

2947 

2959 

2971 

2983 

2999 

3023 

3035 

3051 

3091 

3119 

3151 

3195 

3243 

3283 

3327 

3367 

3411 

3443 

3467 

3483 

3499 

3507 

3499 

3499 

3483 

3487 

3471 

3463 

3443 

3427 

3419 

3411 

3411 

3399 

3411 

3419 

3407 

3439 

3447 

3471 

3495 

3515 

3559 

3591 

3643 

3687 

3739 

3791 

3847 

3883 

3943 

3987 

4023 

4055 

4087 

4095 

4123 

4135 

4155 

4151 

4155 

4159 

4179 

4191 

4223 

4243 

4267 

4295 

4331 

4347 

4391 

4407 

4439 

4451 

4471 

4487 

4507 

4511 

4531 

4543 

4563 

4571 

4583 

4599 

4599 

4611 

4619 

4615 

4623 

4619 

4623 

4619 

4615 

4611 

4591 

4575 

4539 

4511 

4483 

4439 

4407 

4367 

4323 

4283 

4255 

4223 

4191 

4179 

4143 

4111 

4099 

4087 

4051 

4015 

3991 

3959 

3923 

3887 

3851 

3807 

3779 

3739 

3715 

3699 

3683 

3671 

3679 

3651 

3667 

3683 

3707 

3743 

3779 

3835 

3911 

3971 

4039 

4111 

4191 

4267 

4339 

4415 

4503 

4559 

4631 

4699 

4755 

4811 

4855 

4907 

4947 

4975 

5003 

5039 

5063 

5091 

5111 

5151 

5187 

5227 

5255 

5291 

5327 

5355 

5375 

5399 

5419 

5435 

5443 

5443 

5439 

5435 

5423 

5419 

5395 

5375 

5367 

5347 

5343 

5335 

5319 

5299 

5279 

5255 

5243 

5195 

5147 

5087 

5055 

5007 

4955 

4923 

4879 

4839 

4815 

4787 

4751 

4727 

4727 

4719 

4727 

4723 

4731 

4727 

4755 

4787 

4811 

4831 

4863 

4891 

4915 

4943 

4971 

4983 

5007 

5011 

5015 

5019 

5015 

5003 

4979 

4955 

4939 

4899 

4879 

4843 

4811 

4779 

4747 

4711 

4679 

4675 

4639 

4615 

4611 

4571 

4567 

4551 

4543 

4527 

4511 

4479 

4495 

4471 

4451 

4431 

4407 

4399 

4371 

4351 

4335 

4291 

4271 

4251 

4207 

4199 

4163 

4135 

4119 

4103 

4091 

4075 

4055 

4051 

4035 

4027 

4035 

4039 

4055 

4063 

4083 

4103 

4123 

4155 

4203 

4235 

4275 

4315 

4379 

4435 

4491 

4559 

4607 

4675 

4719 

4787 

4803 

4843 

4867 

4907 

4899 

4903 

4911 

4891 

4863 

4851 

4819 

4791 

4739 

4699 

4655 

4611 

4547 

4507 

4463 

4395 

4347 

4315 

4259 

2039 

2027 

2035 

2011 

2027 

2035 

2043 

2035 

2035 

2019 

2023 

2027 

2035 

2031 

2039 

2031 

2039 

2019 

2031 

2027 

2035 

2031 

2031 

2035 

2031 

2035 

2027 

2031 

2031 

2027 

2035 

2043 

2047 

2035 

2031 

2027 

2047 

2031 

2039 

2047 

2047 

2027 

2043 

2023 

2035 

2039 

2031 

2023 

2039 

2027 

2027 

2027 

2031 

2027 

2043 

2023 

2039 

2019 

2023 

2031 

2035 

2035 

2043 

2031 

2019 

2027 

2019 

2019 

2027 

2035 

2031 

2019 

2039 

2031 

2043 

2027 

2031 

2035 

2039 

2031 

2027 

2011 

2031 

2027 

2023 

2031 

2019 

2015 

2027 

2031 

2039 

2031 

2043 

2043 

2023 

2027 

2027 

2031 

2031 

2031 

2027 

2039 

2031 

2031 

2047 

2019 

2039 

2035 

2055 

2027 

2031 

2055 

2083 

2155 

2207 

2587 

2463 

2591 

2799 

2935 

3199 

3531 

3671 

3935 

4479 

4935 

5039 

4647 

4963 

5127 

5395 

5619 

5871 

6503 

6295 

6519 

7115 

6867 

7611 

7311 

7855 

8011 

7767 

8011 

8619 

8271 

8275 

8647 

8895 

8815 

8923 

9051 

9115 

8943 

8979 

8751 

8855 

8875 

8787 

8435 

8535 

8195 

8383 

8299 

8291 

7763 

8171 

7743 

7927 

7523 

7787 

7407 

7335 

7491 

7383 

7231 

7307 

7339 

7203 

7119 

7131 

7147 

7095 

7151 

7139 

7251 

7135 

7175 

7139 

7155 

7175 

7183 

7119 

7227 

7187 

7379 

7463 

7347 

7539 

7463 

7535 

7547 

7595 

7667 

7579 

7683 

7659 

7643 

7503 

7307 

7435 

7403 

7283 

7271 

7135 

7055 

6907 

6903 

6751 

6363 

6575 

6571 

6383 

6291 

6163 

2031 

5911 

2035 

5783 

2039 

5671 

2031 

5859 

2039 

5779 

2027 

5599 

2027 

5543 

2031 

5503 

2035 

5471 

2043 

5455 

2027 

5431 

2035 

5415 

2043 

5375 

2035 

5347 

2031 

5303 

2039 

5275 

2031 

5247 

2035 

5195 

2023 

5155 

2023 

5107 

2031 

5067 

2027 

5011 

2031 

4971 

2039 

4919 

2035 

4887 

2027 

4851 

2039 

4819 

2035 

4791 

2035 

4759 

2035 

4739 

2039 

4719 

2027 

4695 

2035 

4687 

2031 

4663 

2031 

4655 

2047 

4635 

2031 

4639 

2039 

4623 

2031 

4623 

2039 

4607 

2031 

4615 

2027 

4587 

2031 

4587 

2031 

4579 

2039 

4567 

2039 

4547 

2043 

4539 

2031 

4531 

2039 

4535 

2035 

4527 

2035 

4511 

2035 

4503 

2039 

4483 

2043 

4471 

2027 

4443 

2043 

4415 

2047 

4395 

2027 

4375 

2043 

4331 

2039 

4291 

2027 

4263 

2047 

4231 

2039 

4195 

2023 

4143 

2031 

4115 

4063 

2035 

4019 

2035 

3979 

2043 

3919 

2039 

3899 

2035 

3839 

2043 

3799 

2031 

3751 

2043 

3715 

2039 

3671 

2047 

3627 

2027 

3595 

2031 

3551 

2047 

3519 

2043 

3483 

2031 

3459 

2031 

3407 

2047 

3387 

2027 

3351 

2031 

3323 

2043 

3291 

2035 

3263 

2031 

3239 

2031 

3211 

2051 

3179 

2031 

3151 

2043 

3131 

2031 

3107 

2035 

3099 

2027 

3099 

2031 

3087 

2035 

3079 

2035 

3087 

2047 

3099 

2039 

3095 

2047 

3103 

2039 

3119 

2035 

3123 

2019 

3119 

2043 

3123 

2027 

3123 

2023 

3123 

2035 

3115 

2039 

3111 

2051 

3115 

2071 

3099 

2127 

3103 

2203 

3103 

2315 

3111 

2463 

3103 

2627 

3115 

2819 

3127 

3031 

3147 

3267 

3175 

3531 

2027 

3207 

3783 

2035 

3247 

2023 

4051 

3287 

2043 

4335 

3355 

2031 

4595 

3443 

2031 

4851 

3523 

2027 

5107 

3619 

2031 

5367 

3719 

2035 

5615 

2043 

3859 

5867 

2027 

3979 

6111 

2035 

4123 

6355 

2043 

4275 

6595 

2035 

4447 

6823 

2031 

4623 

7079 

2039 

4815 

7307 

2031 

5011 

7563 

2035 

5243 

7783 

2023 

5487 

8015 

2023 

5727 

8231 

2031 

5971 

8455 

2027 

6255 

8651 

2031 

6487 

8847 

2039 

6719 

9051 

2035 

6963 

9243 

2027 

7187 

9395 

2039 

7387 

9563 

2035 

7595 

9715 

2035 

7787 

9823 

2035 

7967 

9915 

2039 

8127 

9975 

2027 

8255 

9999 

2035 

8403 

9991 

2031 

8491 

9947 

2031 

8603 

9887 

2047 

8671 

9799 

2031 

8723 

9687 

2039 

8763 

9587 

2031 

8783 

2039 

8783 

